#Happy
happy_cheek_raiser = 0.37463335754342814
happy_lip_corner_puller = 0.015152883642177718

#Sad
sad_mid_brow_distance = 0.12011136183002478
sad_inner_brow_distance = 0.10798011548150865
sad_lip_corner_depressor = 0.3651929079070056

#Disgust
disgust_nose_wrinkle = 0.21200304711685555
disgust_lip_tightness= 0.11492076682292701
disgust_lip_corner_depressor = 0.34682658188341575

#Fear
fear_jaw_drop= 0.25328672872909336
fear_inner_brow_distance= 0.1413795034423165
fear_mid_brow_distance= 0.14802722709155844
fear_outer_brow_ distance= 0.07223343417369775
fear_lid_tightness= 0.06546390403684983
fear_upper_lid_raiser= 0.21349113112840826

#Anger
anger_lid_tightness= 0.04096565598249651
anger_lip_ tightness= 0.05944637349849057
anger_mid_brow_ distance= 0.08960082063968598
anger_upper_lid_raiser= 0.1305664766221825