#Happy
happy_cheek_raiser = 0.2648851505303418
happy_lip_corner_puller = 0.22653787265097355

#Sad
sad_mid_brow_distance = 0.12011136183002478
sad_inner_brow_distance = 0.10125518603154882
sad_lip_corner_depressor = 0.027731483958702285

#Disgust
disgust_nose_wrinkle = 0.21200304711685555
disgust_lip_tightness= 0.34682658188341575
disgust_lip_corner_depressor = 0.057218566789904286

#Fear
fear_jaw_drop= 0.4826280726709717
fear_inner_brow_distance= 0.15018143429993477
fear_mid_brow_distance= 0.14802722709155844
fear_outer_brow_distance= 0.07223343417369775
fear_lid_tightness= 0.06546390403684983
fear_upper_lid_raiser= 0.21349113112840826

#Anger
anger_lid_tightness= 0.04096565598249651
anger_lip_tightness= 0.32457681614324874
anger_mid_brow_distance= 0.08960082063968598
anger_upper_lid_raiser= 0.1305664766221825